,Hesburger Tartu Anne,Hesburger Tartu Eedeni keskus,Hesburger Tartu Kvartal,Hesburger Tartu Lõunakeskus,Hesburger Tartu Ringtee Drive-in,Hesburger Tartu Vabaduse,Hesburger Tartu Veeriku,Hesburger Võru,Hesburger Valga Rimi,Hesburger Viljandi,Hesburger Pärnu Maxima,Hesburger Pärnu Kaubamajakas,Hesburger Pärnu Niidu Drive,Hesburger Pärnu Port Artur,Hesburger Kuressaare Auriga keskuses,Hesburger Haapsalu,Hesburger Rapla,Hesburger Paide Drive-in,Hesburger Keila Selver,Hesburger Luige Drive-in,Hesburger Tallinn Laagri,Hesburger Tallinn Järve,Hesburger Maardu,Hesburger Peetri Selver,Hesburger Tallinn Arsenali keskus,Hesburger Tallinn Lasnamäe Centrum,Hesburger Tallinn Kristiine keskus,Hesburger Tallinn Lasnamäe Smuuli,Hesburger Tallinn Magistral,Hesburger Tallinn Merimetsa Selver,Hesburger Tallinn Mustamäe,Hesburger Tallinn Nautica Keskus,Hesburger Tallinn Nurmenuku,Hesburger Tallinn Rocca Al Mare,Hesburger Tallinn Sikupilli,Hesburger Tallinn Solaris Keskus,Hesburger Tallinn Sõle,Hesburger Tallinn Sõpruse,Hesburger Tallinn T1,Hesburger Tallinn Unibet Arena,Hesburger Tallinn Viru tn.,Hesburger Tallinn Õismäe Maxima,Hesburger Tallinn Ümera,Hesburger Tapa Drive-in,Hesburger Rakvere Põhjakeskus,Hesburger Rakvere Vaala Keskus,Hesburger Kohtla-Järve Vironia Keskus,Hesburger Jõhvi,Hesburger Ahtme Maxima,Hesburger Narva Fama Keskus,Hesburger Narva Juuli,Hesburger Narva Pähklimägi
Hesburger Tartu Anne,0.0,519.58,1113.77,3977.82,3648.56,1290.72,2649.81,59082.2,75630.72,71929.23,136861.64,136160.0,138568.03,138622.16,266798.34,189433.69,74816.8,87245.6,164615.09,148367.75,152456.61,148601.63,140418.8,144752.56,149376.84,143947.75,148363.2,143899.94,150239.59,149530.22,150762.53,147109.27,151937.25,151046.17,145640.17,147212.83,149301.69,149744.19,145178.98,151618.05,147191.27,151803.75,142369.69,94335.28,100746.16,100157.66,110660.13,113694.36,112067.91,141596.72,142356.34,153754.8
Hesburger Tartu Eedeni keskus,519.58,0.0,1144.84,3917.73,3679.64,1321.8,2680.88,58694.02,75563.4,71861.91,136794.33,136092.67,138500.72,138554.84,266731.03,189792.45,75175.55,87604.35,164973.84,148726.52,152815.38,148960.38,140777.56,145111.33,149735.59,144306.52,148721.95,144258.69,150598.34,149888.98,151121.28,147468.02,152296.0,151404.92,145998.92,147571.58,149660.45,150102.94,145537.75,151976.8,147550.02,152162.5,142728.45,94694.03,101104.91,100516.41,111093.7,114127.94,112501.48,142030.3,142789.92,154113.55
Hesburger Tartu Kvartal,1113.77,1144.84,0.0,2877.2,2639.84,494.38,1641.09,58491.9,74534.21,70832.73,135765.14,135063.48,137471.53,137525.66,265701.84,189101.41,74484.52,86913.32,164282.81,148035.47,152124.34,148269.34,140086.53,144420.3,149044.56,143615.48,148030.92,143567.66,149907.31,149197.95,150430.25,146776.98,151604.97,150713.89,145307.89,146880.55,148969.41,149411.91,144846.72,151285.77,146858.98,151471.47,142037.42,94003.0,100413.88,99825.38,111483.21,114517.45,112890.99,142419.81,143179.42,153422.52
Hesburger Tartu Lõunakeskus,3977.82,3917.73,2877.2,0.0,1608.32,3098.96,2060.8,57938.16,72085.33,68383.84,133316.25,132614.61,135022.64,135076.77,263252.97,188707.81,77032.97,89461.77,166831.25,150583.92,154672.78,150817.78,142634.97,146968.73,151593.02,146163.92,150579.36,146116.09,152455.77,151746.39,152978.7,149325.42,154153.42,153262.34,147856.34,149428.98,151517.86,151960.36,147395.16,153834.22,149407.44,154019.91,144585.86,96551.45,102962.32,102373.83,114178.2,117212.45,115585.99,145114.81,145874.42,155970.97
Hesburger Tartu Ringtee Drive-in,3648.56,3679.64,2639.84,1608.32,0.0,2374.67,1026.26,59081.39,73434.73,69733.24,134665.64,133964.0,136372.05,136426.17,264602.34,187608.31,75998.43,88427.23,165796.72,149549.39,153638.25,149783.25,141600.44,145934.2,150558.47,145129.39,149544.83,145081.56,151421.22,150711.86,151944.16,148290.89,153118.88,152227.8,146821.8,148394.45,150483.33,150925.81,146360.63,152799.67,148372.89,152985.38,143551.33,95516.91,101927.78,101339.29,113468.16,116502.39,114875.95,144404.77,145164.38,154936.42
Hesburger Tartu Vabaduse,1290.72,1321.8,494.38,3098.96,2374.67,0.0,1375.92,58816.36,74751.86,71050.38,135982.78,135281.14,137689.17,137743.3,265919.5,188617.59,74000.71,86429.51,163799.0,147551.66,151640.53,147785.53,139602.72,143936.47,148560.75,143131.66,147547.11,143083.84,149423.5,148714.14,149946.44,146293.17,151121.16,150230.08,144824.08,146396.73,148485.59,148928.09,144362.89,150801.95,146375.17,150987.66,141553.61,93519.19,99930.06,99341.56,111108.69,114142.92,112516.48,142045.28,142804.91,152938.7
Hesburger Tartu Veeriku,2649.81,2680.88,1641.09,2060.8,1026.26,1375.92,0.0,58666.08,73865.34,70163.86,135096.27,134394.63,136802.66,136856.8,265032.97,189616.56,74999.68,87428.48,164797.97,148550.63,152639.5,148784.5,140601.67,144935.44,149559.72,144130.63,148546.08,144082.81,150422.47,149713.11,150945.41,147292.14,152120.13,151229.05,145823.05,147395.7,149484.56,149927.06,145361.86,151800.92,147374.14,151986.63,142552.56,94518.16,100929.03,100340.53,112469.41,115503.64,113877.19,143406.0,144165.63,153937.67
Hesburger Võru,59082.2,58694.02,58491.9,57938.16,59081.39,58816.36,58666.08,0.0,55758.39,100582.14,140711.86,140010.22,142418.25,142472.38,270648.56,225270.14,132814.34,145243.14,222612.63,206365.3,210454.16,206599.16,198416.34,202750.11,207374.38,201945.3,206360.73,201897.47,208237.13,207527.77,208760.06,205106.8,209934.78,209043.7,203637.7,205210.36,207299.23,207741.72,203176.53,209615.59,205188.8,209801.28,200367.23,152332.81,158743.69,158155.19,163299.02,166333.25,164706.8,194235.61,194995.22,211752.33
Hesburger Valga Rimi,75630.72,75563.4,74534.21,72085.33,73434.73,74751.86,73865.34,55758.39,0.0,63173.32,93347.88,92646.24,95054.28,95108.41,223284.59,183678.77,122719.34,118286.23,178019.45,176938.42,179546.7,182370.36,192274.42,185647.02,186920.84,189180.05,184709.25,187736.17,182752.23,185587.45,183754.69,186047.8,184533.75,185804.58,185530.09,185174.92,185757.94,183515.67,185950.63,185434.44,185427.53,185109.45,188471.34,168268.31,174679.19,174090.69,185831.11,188865.34,187238.89,216767.7,217527.33,179010.91
Hesburger Viljandi,71929.23,71861.91,70832.73,68383.84,69733.24,71050.38,70163.86,100582.14,63173.32,0.0,58953.59,58251.94,60659.98,60714.11,188890.3,133756.19,71799.22,56482.72,114244.98,113163.96,115772.24,118595.89,130470.91,121872.55,123146.38,125405.58,120934.78,123961.71,118977.77,121812.98,119980.22,122273.34,120759.29,122030.12,121755.63,121400.46,121983.47,119741.21,122176.16,121659.97,121653.07,121334.99,126667.83,100255.83,115015.57,115402.93,141991.25,145025.48,143399.03,182451.84,183211.47,115236.44
Hesburger Pärnu Maxima,136861.64,136794.33,135765.14,133316.25,134665.64,135982.78,135096.27,140711.86,93347.88,58953.59,0.0,827.25,2961.74,1822.19,129998.38,90562.66,100061.59,72168.59,98421.35,106539.55,107652.03,110475.69,126324.24,113752.34,115026.16,117285.37,112814.57,115841.5,110857.55,113692.78,111860.01,114153.13,112639.08,113909.91,113635.42,113280.25,113863.26,111621.0,114055.95,113539.76,113532.86,113214.78,118760.63,115941.7,130701.45,131088.8,174888.45,177922.69,177909.28,216962.09,217721.7,107116.23
Hesburger Pärnu Kaubamajakas,136160.0,136092.67,135063.48,132614.61,133964.0,135281.14,134394.63,140010.22,92646.24,58251.94,827.25,0.0,2601.28,2573.64,130749.82,91225.77,99352.3,71459.3,99084.46,107202.66,108315.14,111138.79,126987.35,114415.44,115689.27,117948.47,113477.68,116504.61,111520.66,114355.88,112523.12,114816.23,113302.19,114573.02,114298.53,113943.36,114526.37,112284.11,114719.05,114202.87,114195.97,113877.88,119423.73,115232.41,129992.16,130379.52,174179.17,177213.41,177199.98,216252.81,217012.42,107779.34
Hesburger Pärnu Niidu Drive,138568.03,138500.72,137471.53,135022.64,136372.05,137689.17,136802.66,142418.25,95054.28,60659.98,2961.74,2601.28,0.0,2888.61,130429.15,88966.84,101760.34,73867.34,96825.53,104943.73,106056.21,108879.86,124728.42,112156.52,113430.34,115689.55,111218.75,114245.68,109261.73,112096.95,110264.19,112557.3,111043.26,112314.09,112039.6,111684.43,112267.44,110025.18,112460.13,111943.94,111937.04,111618.96,117164.8,117640.45,132400.2,132787.55,176587.2,179621.45,179608.03,218660.84,219420.47,105520.41
Hesburger Pärnu Port Artur,138622.16,138554.84,137525.66,135076.77,136426.17,137743.3,136856.8,142472.38,95108.41,60714.11,1822.19,2573.64,2888.61,0.0,128197.34,88761.23,101822.11,73929.11,96619.93,104738.12,105850.6,108674.26,124522.81,111950.91,113224.73,115483.94,111013.14,114040.07,109056.13,111891.35,110058.58,112351.7,110837.65,112108.48,111833.99,111478.82,112061.83,109819.57,112254.52,111738.33,111731.44,111413.35,116959.2,117702.22,132461.97,132849.33,176648.98,179683.22,179669.8,218722.63,219482.23,105314.8
Hesburger Kuressaare Auriga keskuses,266798.34,266731.03,265701.84,263252.97,264602.34,265919.5,265032.97,270648.56,223284.59,188890.3,129998.38,130749.82,130429.15,128197.34,0.0,87936.33,210926.34,183170.2,149153.31,162841.64,161303.92,166930.52,182800.33,171271.7,169206.25,173761.45,168486.42,172317.58,166014.63,167306.38,166375.41,170607.95,165101.73,165808.06,170111.5,169735.08,168449.11,167078.41,170532.03,165326.5,169945.17,165243.19,175236.7,204361.64,224504.77,225464.59,272985.34,276019.56,277564.88,315943.06,316702.69,160153.47
Hesburger Haapsalu,189433.69,189792.45,189101.41,188707.81,187608.31,188617.59,189616.56,225270.14,183678.77,133756.19,90562.66,91225.77,88966.84,88761.23,87936.33,0.0,138153.42,115710.17,61231.71,74920.04,73382.31,79008.91,94878.73,83350.1,81284.65,85839.84,80564.81,84395.98,78093.02,79384.77,78453.8,82686.35,77180.14,77886.45,82189.91,81813.48,80527.5,79156.8,82610.43,77404.9,82023.57,77321.58,87315.1,129396.81,149539.94,150499.77,198020.52,201054.75,202600.05,240978.25,241737.86,72231.87
Hesburger Rapla,74816.8,75175.55,74484.52,77032.97,75998.43,74000.71,74999.68,132814.34,122719.34,71799.22,100061.59,99352.3,101760.34,101822.11,210926.34,138153.42,0.0,27961.38,95023.26,78775.93,82864.79,79009.8,70826.98,75160.74,79785.02,74355.93,78771.37,74308.11,80647.77,79938.4,81170.71,77517.44,82345.42,81454.34,76048.34,77620.99,79709.87,80152.36,75587.16,82026.23,77599.44,82211.92,72777.87,26800.74,41560.49,41947.84,79818.47,82852.7,81226.25,120279.07,121038.69,84162.97
Hesburger Paide Drive-in,87245.6,87604.35,86913.32,89461.77,88427.23,86429.51,87428.48,145243.14,118286.23,56482.72,72168.59,71459.3,73867.34,73929.11,183170.2,115710.17,27961.38,0.0,80316.23,64486.71,72764.15,69742.05,74983.03,66168.47,72240.06,71576.14,72080.94,71895.52,70657.85,73072.51,71603.9,70072.57,72788.86,73926.38,68456.45,70034.02,73129.63,71139.55,68429.67,73770.59,70041.36,73328.15,71179.95,43841.48,58601.23,58988.59,102788.24,105822.48,105809.06,144861.89,145621.5,73816.23
Hesburger Keila Selver,164615.09,164973.84,164282.81,166831.25,165796.72,163799.0,164797.97,222612.63,178019.45,114244.98,98421.35,99084.46,96825.53,96619.93,149153.31,61231.71,95023.26,80316.23,0.0,18878.84,12293.4,17919.99,33789.81,22261.19,20195.73,24750.93,19475.9,23307.07,17004.11,18295.85,17364.89,21597.44,16091.22,16797.54,21100.99,20724.56,19438.59,18067.89,21521.51,16315.99,20934.66,16232.67,26226.19,77612.32,97755.45,98715.27,146236.02,149270.25,150815.56,189193.75,189953.38,11142.95
Hesburger Luige Drive-in,148367.75,148726.52,148035.47,150583.92,149549.39,147551.66,148550.63,206365.3,176938.42,113163.96,106539.55,107202.66,104943.73,104738.12,162841.64,74920.04,78775.93,64486.71,18878.84,0.0,9809.14,6787.04,22182.81,7733.5,11337.53,13003.91,9125.93,11560.04,7702.85,10117.5,8648.9,10464.49,9833.85,10971.37,9645.74,9591.61,10174.62,8184.54,9808.82,10815.58,9844.22,10373.15,14332.73,61364.98,81508.12,82467.94,129988.69,133022.92,134568.22,172946.42,173706.05,10303.56
Hesburger Tallinn Laagri,152456.61,152815.38,152124.34,154672.78,153638.25,151640.53,152639.5,210454.16,179546.7,115772.24,107652.03,108315.14,106056.21,105850.6,161303.92,73382.31,82864.79,72764.15,12293.4,9809.14,0.0,5697.96,21567.78,10039.16,9328.64,12528.9,7332.35,11085.04,4860.56,7084.42,5221.34,9375.41,5108.06,6378.89,8878.96,8502.53,7984.74,5924.34,9299.48,6008.74,8755.14,5683.76,14004.16,65453.85,85596.98,86556.8,134077.55,137111.78,138657.09,177035.28,177794.91,1369.79
Hesburger Tallinn Järve,148601.63,148960.38,148269.34,150817.78,149783.25,147785.53,148784.5,206599.16,182370.36,118595.89,110475.69,111138.79,108879.86,108674.26,166930.52,79008.91,79009.8,69742.05,17919.99,6787.04,5697.96,0.0,15914.69,4969.46,4621.37,6875.81,2409.77,5431.95,1675.3,3401.34,2274.23,3748.33,3569.13,4478.01,3225.87,2875.45,3458.46,1690.76,3646.4,4538.89,3128.06,4088.4,8351.07,61598.85,81741.98,82701.8,130222.55,133256.78,134802.09,173180.3,173939.91,6996.14
Hesburger Maardu,140418.8,140777.56,140086.53,142634.97,141600.44,139602.72,140601.67,198416.34,192274.42,130470.91,126324.24,126987.35,124728.42,124522.81,182800.33,94878.73,70826.98,74983.03,33789.81,22182.81,21567.78,15914.69,0.0,14683.34,15349.2,9095.56,15054.52,10579.35,17530.35,16035.17,17536.14,13065.02,18522.05,17584.04,12916.5,13711.32,15681.34,16541.75,12492.06,18157.25,13532.92,18388.54,7876.39,53416.04,73559.16,74518.98,120148.27,125073.97,126619.27,160353.33,161112.95,22865.96
Hesburger Peetri Selver,144752.56,145111.33,144420.3,146968.73,145934.2,143936.47,144935.44,202750.11,185647.02,121872.55,113752.34,114415.44,112156.52,111950.91,171271.7,83350.1,75160.74,66168.47,22261.19,7733.5,10039.16,4969.46,14683.34,0.0,6119.74,5504.44,5029.05,4060.57,6607.44,6196.08,7130.38,3952.24,8416.22,7712.02,2336.13,3913.69,6018.36,6151.06,2309.35,8283.9,3921.03,8469.59,6833.25,57749.8,77892.93,78852.75,126373.5,129407.73,130953.04,169331.23,170090.86,11337.34
Hesburger Tallinn Arsenali keskus,149376.84,149735.59,149044.56,151593.02,150558.47,148560.75,149559.72,207374.38,186920.84,123146.38,115026.16,115689.27,113430.34,113224.73,169206.25,81284.65,79785.02,72240.06,20195.73,11337.53,9328.64,4621.37,15349.2,6119.74,0.0,7073.7,2327.29,5584.62,4665.97,2350.72,4195.43,2359.14,4677.74,3485.23,3837.5,2344.23,1403.21,3691.35,4466.13,4058.44,2255.49,4308.74,8535.83,62374.07,82517.21,83477.02,130997.77,134032.02,135577.31,173955.52,174715.13,10422.28
Hesburger Tallinn Lasnamäe Centrum,143947.75,144306.52,143615.48,146163.92,145129.39,143131.66,144130.63,201945.3,189180.05,125405.58,117285.37,117948.47,115689.55,115483.94,173761.45,85839.84,74355.93,71576.14,24750.93,13003.91,12528.9,6875.81,9095.56,5504.44,7073.7,0.0,6571.92,1540.47,8513.79,7614.98,9017.94,4812.33,10101.86,9163.86,3869.92,5223.34,7261.16,7970.85,3453.18,9737.07,5154.42,9968.35,1673.18,56944.99,77088.12,78047.94,125568.69,128602.92,130148.23,168526.42,169286.05,13827.08
Hesburger Tallinn Kristiine keskus,148363.2,148721.95,148030.92,150579.36,149544.83,147547.11,148546.08,206360.73,184709.25,120934.78,112814.57,113477.68,111218.75,111013.14,168486.42,80564.81,78771.37,72080.94,19475.9,9125.93,7332.35,2409.77,15054.52,5029.05,2327.29,6571.92,0.0,5105.65,2507.82,1151.99,2569.19,2251.96,3578.47,2687.39,2768.11,1416.3,1151.82,1487.23,3396.74,3259.27,1583.16,3444.97,8047.18,61360.43,81503.56,82463.38,129984.13,133018.36,134563.67,172941.86,173701.48,8425.99
Hesburger Tallinn Lasnamäe Smuuli,143899.94,144258.69,143567.66,146116.09,145081.56,143083.84,144082.81,201897.47,187736.17,123961.71,115841.5,116504.61,114245.68,114040.07,172317.58,84395.98,74308.11,71895.52,23307.07,11560.04,11085.04,5431.95,10579.35,4060.57,5584.62,1540.47,5105.65,0.0,7069.92,6148.71,7551.66,3323.25,8635.58,7697.58,2426.05,3757.07,5794.88,6504.58,2009.32,8270.79,3665.34,8502.08,3020.26,56897.16,77040.3,78000.12,125520.87,128555.1,130100.4,168478.61,169238.22,12383.22
Hesburger Tallinn Magistral,150239.59,150598.34,149907.31,152455.77,151421.22,149423.5,150422.47,208237.13,182752.23,118977.77,110857.55,111520.66,109261.73,109056.13,166014.63,78093.02,80647.77,70657.85,17004.11,7702.85,4860.56,1675.3,17530.35,6607.44,4665.97,8513.79,2507.82,7069.92,0.0,2975.48,1113.41,4771.52,2241.96,3467.33,4863.85,3914.51,3435.08,1099.82,5284.37,3223.69,4102.72,2781.26,9989.05,63236.82,83379.96,84339.78,131860.53,134894.77,136440.06,174818.27,175577.88,5954.2
Hesburger Tallinn Merimetsa Selver,149530.22,149888.98,149197.95,151746.39,150711.86,148714.14,149713.11,207527.77,185587.45,121812.98,113692.78,114355.88,112096.95,111891.35,167306.38,79384.77,79938.4,73072.51,18295.85,10117.5,7084.42,3401.34,16035.17,6196.08,2350.72,7614.98,1151.99,6148.71,2975.48,0.0,2079.35,3232.69,2542.37,1591.7,3935.14,2459.36,1209.27,2134.46,4563.77,2164.9,2563.89,2408.86,9090.24,62527.46,82670.59,83630.41,131151.16,134185.39,135730.69,174108.89,174868.52,8178.06
Hesburger Tallinn Mustamäe,150762.53,151121.28,150430.25,152978.7,151944.16,149946.44,150945.41,208760.06,183754.69,119980.22,111860.01,112523.12,110264.19,110058.58,166375.41,78453.8,81170.71,71603.9,17364.89,8648.9,5221.34,2274.23,17536.14,7130.38,4195.43,9017.94,2569.19,7551.66,1113.41,2079.35,0.0,4733.67,1421.85,2597.5,5196.18,3960.34,2846.1,1158.49,5807.31,2369.93,4064.86,1919.44,10493.2,63759.77,83902.9,84862.72,132383.47,135417.7,136963.0,175341.2,176100.81,6314.98
Hesburger Tallinn Nautica Keskus,147109.27,147468.02,146776.98,149325.42,148290.89,146293.17,147292.14,205106.8,186047.8,122273.34,114153.13,114816.23,112557.3,112351.7,170607.95,82686.35,77517.44,70072.57,21597.44,10464.49,9375.41,3748.33,13065.02,3952.24,2359.14,4812.33,2251.96,3323.25,4771.52,3232.69,4733.67,0.0,5719.57,4781.57,1670.01,940.76,2717.33,3739.2,2278.02,5354.77,717.03,5586.06,6240.29,60106.49,80249.63,81209.45,128730.2,131764.42,133309.73,171687.94,172447.55,10553.55
Hesburger Tallinn Nurmenuku,151937.25,152296.0,151604.97,154153.42,153118.88,151121.16,152120.13,209934.78,184533.75,120759.29,112639.08,113302.19,111043.26,110837.65,165101.73,77180.14,82345.42,72788.86,16091.22,9833.85,5108.06,3569.13,18522.05,8416.22,4677.74,10101.86,3578.47,8635.58,2241.96,2542.37,1421.85,5719.57,0.0,1378.64,6342.16,4946.24,3685.1,2531.89,6970.79,1146.0,5050.77,703.57,11577.12,64934.48,85077.62,86037.43,133558.19,136592.42,138137.72,176515.92,177275.53,6201.7
Hesburger Tallinn Rocca Al Mare,151046.17,151404.92,150713.89,153262.34,152227.8,150230.08,151229.05,209043.7,185804.58,122030.12,113909.91,114573.02,112314.09,112108.48,165808.06,77886.45,81454.34,73926.38,16797.54,10971.37,6378.89,4478.01,17584.04,7712.02,3485.23,9163.86,2687.39,7697.58,3467.33,1591.7,2597.5,4781.57,1378.64,0.0,5451.08,4008.24,2728.52,2859.27,6079.71,660.25,4112.76,910.55,10639.12,64043.4,84186.53,85146.35,132667.09,135701.34,137246.64,175624.84,176384.45,7472.53
Hesburger Tallinn Sikupilli,145640.17,145998.92,145307.89,147856.34,146821.8,144824.08,145823.05,203637.7,185530.09,121755.63,113635.42,114298.53,112039.6,111833.99,170111.5,82189.91,76048.34,68456.45,21100.99,9645.74,8878.96,3225.87,12916.5,2336.13,3837.5,3869.92,2768.11,2426.05,4863.85,3935.14,5196.18,1670.01,6342.16,5451.08,0.0,1631.45,3736.13,4149.1,682.52,6022.96,1638.8,6208.66,5345.18,58637.4,78780.53,79740.35,127261.1,130295.34,131840.64,170218.84,170978.45,10177.14
Hesburger Tallinn Solaris Keskus,147212.83,147571.58,146880.55,149428.98,148394.45,146396.73,147395.7,205210.36,185174.92,121400.46,113280.25,113943.36,111684.43,111478.82,169735.08,81813.48,77620.99,70034.02,20724.56,9591.61,8502.53,2875.45,13711.32,3913.69,2344.23,5223.34,1416.3,3757.07,3914.51,2459.36,3960.34,940.76,4946.24,4008.24,1631.45,0.0,2105.54,2903.54,2260.08,4581.45,324.51,4812.73,6698.6,60210.05,80353.19,81313.01,128833.75,131867.98,133413.3,171791.48,172551.11,9696.54
Hesburger Tallinn Sõle,149301.69,149660.45,148969.41,151517.86,150483.33,148485.59,149484.56,207299.23,185757.94,121983.47,113863.26,114526.37,112267.44,112061.83,168449.11,80527.5,79709.87,73129.63,19438.59,10174.62,7984.74,3458.46,15681.34,6018.36,1403.21,7261.16,1151.82,5794.88,3435.08,1209.27,2846.1,2717.33,3685.1,2728.52,3736.13,2105.54,0.0,2460.46,4364.75,3301.73,2210.06,3551.59,8736.42,62298.92,82442.05,83401.88,130922.63,133956.86,135502.16,173880.36,174639.98,9078.38
Hesburger Tallinn Sõpruse,149744.19,150102.94,149411.91,151960.36,150925.81,148928.09,149927.06,207741.72,183515.67,119741.21,111621.0,112284.11,110025.18,109819.57,167078.41,79156.8,80152.36,71139.55,18067.89,8184.54,5924.34,1690.76,16541.75,6151.06,3691.35,7970.85,1487.23,6504.58,1099.82,2134.46,1158.49,3739.2,2531.89,2859.27,4149.1,2903.54,2460.46,0.0,4777.73,3380.57,3070.39,3019.39,9446.11,62741.41,82884.55,83844.37,131365.11,134399.36,135944.66,174322.86,175082.47,7017.98
Hesburger Tallinn T1,145178.98,145537.75,144846.72,147395.16,146360.63,144362.89,145361.86,203176.53,185950.63,122176.16,114055.95,114719.05,112460.13,112254.52,170532.03,82610.43,75587.16,68429.67,21521.51,9808.82,9299.48,3646.4,12492.06,2309.35,4466.13,3453.18,3396.74,2009.32,5284.37,4563.77,5807.31,2278.02,6970.79,6079.71,682.52,2260.08,4364.75,4777.73,0.0,6651.59,2267.43,6837.29,4928.44,58176.22,78319.35,79279.17,126799.92,129834.16,131379.45,169757.66,170517.28,10597.66
Hesburger Tallinn Unibet Arena,151618.05,151976.8,151285.77,153834.22,152799.67,150801.95,151800.92,209615.59,185434.44,121659.97,113539.76,114202.87,111943.94,111738.33,165326.5,77404.9,82026.23,73770.59,16315.99,10815.58,6008.74,4538.89,18157.25,8283.9,4058.44,9737.07,3259.27,8270.79,3223.69,2164.9,2369.93,5354.77,1146.0,660.25,6022.96,4581.45,3301.73,3380.57,6651.59,0.0,4685.97,515.24,11212.33,64615.28,84758.41,85718.23,133238.98,136273.22,137818.52,176196.72,176956.34,7102.38
Hesburger Tallinn Viru tn.,147191.27,147550.02,146858.98,149407.44,148372.89,146375.17,147374.14,205188.8,185427.53,121653.07,113532.86,114195.97,111937.04,111731.44,169945.17,82023.57,77599.44,70041.36,20934.66,9844.22,8755.14,3128.06,13532.92,3921.03,2255.49,5154.42,1583.16,3665.34,4102.72,2563.89,4064.86,717.03,5050.77,4112.76,1638.8,324.51,2210.06,3070.39,2267.43,4685.97,0.0,4917.26,6616.93,60188.49,80331.63,81291.45,128812.2,131846.42,133391.73,171769.94,172529.55,9884.75
Hesburger Tallinn Õismäe Maxima,151803.75,152162.5,151471.47,154019.91,152985.38,150987.66,151986.63,209801.28,185109.45,121334.99,113214.78,113877.88,111618.96,111413.35,165243.19,77321.58,82211.92,73328.15,16232.67,10373.15,5683.76,4088.4,18388.54,8469.59,4308.74,9968.35,3444.97,8502.08,2781.26,2408.86,1919.44,5586.06,703.57,910.55,6208.66,4812.73,3551.59,3019.39,6837.29,515.24,4917.26,0.0,11443.61,64800.97,84944.11,85903.93,133424.67,136458.91,138004.22,176382.41,177142.03,6777.4
Hesburger Tallinn Ümera,142369.69,142728.45,142037.42,144585.86,143551.33,141553.61,142552.56,200367.23,188471.34,126667.83,118760.63,119423.73,117164.8,116959.2,175236.7,87315.1,72777.87,71179.95,26226.19,14332.73,14004.16,8351.07,7876.39,6833.25,8535.83,1673.18,8047.18,3020.26,9989.05,9090.24,10493.2,6240.29,11577.12,10639.12,5345.18,6698.6,8736.42,9446.11,4928.44,11212.33,6616.93,11443.61,0.0,55366.93,75510.05,76469.88,123990.63,127024.86,128570.16,166948.36,167707.98,15302.34
Hesburger Tapa Drive-in,94335.28,94694.03,94003.0,96551.45,95516.91,93519.19,94518.16,152332.81,168268.31,100255.83,115941.7,115232.41,117640.45,117702.22,204361.64,129396.81,26800.74,43841.48,77612.32,61364.98,65453.85,61598.85,53416.04,57749.8,62374.07,56944.99,61360.43,56897.16,63236.82,62527.46,63759.77,60106.49,64934.48,64043.4,58637.4,60210.05,62298.92,62741.41,58176.22,64615.28,60188.49,64800.97,55366.93,0.0,21848.67,22808.49,70329.23,73363.48,74908.77,113286.98,114046.59,66752.03
Hesburger Rakvere Põhjakeskus,100746.16,101104.91,100413.88,102962.32,101927.78,99930.06,100929.03,158743.69,174679.19,115015.57,130701.45,129992.16,132400.2,132461.97,224504.77,149539.94,41560.49,58601.23,97755.45,81508.12,85596.98,81741.98,73559.16,77892.93,82517.21,77088.12,81503.56,77040.3,83379.96,82670.59,83902.9,80249.63,85077.62,84186.53,78780.53,80353.19,82442.05,82884.55,78319.35,84758.41,80331.63,84944.11,75510.05,21848.67,0.0,2725.5,50109.76,53143.99,54689.29,93067.49,93827.11,86895.16
Hesburger Rakvere Vaala Keskus,100157.66,100516.41,99825.38,102373.83,101339.29,99341.56,100340.53,158155.19,174090.69,115402.93,131088.8,130379.52,132787.55,132849.33,225464.59,150499.77,41947.84,58988.59,98715.27,82467.94,86556.8,82701.8,74518.98,78852.75,83477.02,78047.94,82463.38,78000.12,84339.78,83630.41,84862.72,81209.45,86037.43,85146.35,79740.35,81313.01,83401.88,83844.37,79279.17,85718.23,81291.45,85903.93,76469.88,22808.49,2725.5,0.0,47775.56,50809.8,52355.1,90733.3,91492.91,87854.98
Hesburger Kohtla-Järve Vironia Keskus,110660.13,111093.7,111483.21,114178.2,113468.16,111108.69,112469.41,163299.02,185831.11,141991.25,174888.45,174179.17,176587.2,176648.98,272985.34,198020.52,79818.47,102788.24,146236.02,129988.69,134077.55,130222.55,120148.27,126373.5,130997.77,125568.69,129984.13,125520.87,131860.53,131151.16,132383.47,128730.2,133558.19,132667.09,127261.1,128833.75,130922.63,131365.11,126799.92,133238.98,128812.2,133424.67,123990.63,70329.23,50109.76,47775.56,0.0,7372.66,9126.25,44651.15,45410.77,135375.73
Hesburger Jõhvi,113694.36,114127.94,114517.45,117212.45,116502.39,114142.92,115503.64,166333.25,188865.34,145025.48,177922.69,177213.41,179621.45,179683.22,276019.56,201054.75,82852.7,105822.48,149270.25,133022.92,137111.78,133256.78,125073.97,129407.73,134032.02,128602.92,133018.36,128555.1,134894.77,134185.39,135417.7,131764.42,136592.42,135701.34,130295.34,131867.98,133956.86,134399.36,129834.16,136273.22,131846.42,136458.91,127024.86,73363.48,53143.99,50809.8,7372.66,0.0,1870.89,40079.07,40838.69,138409.97
Hesburger Ahtme Maxima,112067.91,112501.48,112890.99,115585.99,114875.95,112516.48,113877.19,164706.8,187238.89,143399.03,177909.28,177199.98,179608.03,179669.8,277564.88,202600.05,81226.25,105809.06,150815.56,134568.22,138657.09,134802.09,126619.27,130953.04,135577.31,130148.23,134563.67,130100.4,136440.06,135730.69,136963.0,133309.73,138137.72,137246.64,131840.64,133413.3,135502.16,135944.66,131379.45,137818.52,133391.73,138004.22,128570.16,74908.77,54689.29,52355.1,9126.25,1870.89,0.0,39921.8,40681.41,139955.27
Hesburger Narva Fama Keskus,141596.72,142030.3,142419.81,145114.81,144404.77,142045.28,143406.0,194235.61,216767.7,182451.84,216962.09,216252.81,218660.84,218722.63,315943.06,240978.25,120279.07,144861.89,189193.75,172946.42,177035.28,173180.3,160353.33,169331.23,173955.52,168526.42,172941.86,168478.61,174818.27,174108.89,175341.2,171687.94,176515.92,175624.84,170218.84,171791.48,173880.36,174322.86,169757.66,176196.72,171769.94,176382.41,166948.36,113286.98,93067.49,90733.3,44651.15,40079.07,39921.8,0.0,1367.02,178333.47
Hesburger Narva Juuli,142356.34,142789.92,143179.42,145874.42,145164.38,142804.91,144165.63,194995.22,217527.33,183211.47,217721.7,217012.42,219420.47,219482.23,316702.69,241737.86,121038.69,145621.5,189953.38,173706.05,177794.91,173939.91,161112.95,170090.86,174715.13,169286.05,173701.48,169238.22,175577.88,174868.52,176100.81,172447.55,177275.53,176384.45,170978.45,172551.11,174639.98,175082.47,170517.28,176956.34,172529.55,177142.03,167707.98,114046.59,93827.11,91492.91,45410.77,40838.69,40681.41,1367.02,0.0,179093.08
Hesburger Narva Pähklimägi,153754.8,154113.55,153422.52,155970.97,154936.42,152938.7,153937.67,211752.33,179010.91,115236.44,107116.23,107779.34,105520.41,105314.8,160153.47,72231.87,84162.97,73816.23,11142.95,10303.56,1369.79,6996.14,22865.96,11337.34,10422.28,13827.08,8425.99,12383.22,5954.2,8178.06,6314.98,10553.55,6201.7,7472.53,10177.14,9696.54,9078.38,7017.98,10597.66,7102.38,9884.75,6777.4,15302.34,66752.03,86895.16,87854.98,135375.73,138409.97,139955.27,178333.47,179093.08,0.0
